018000029005054860010100                          
019000029003691930010100                          
024000029003692480010100                          
036000029000001350010100                          
043000029003691910010100                          
046000029001038690010100                          
067000029000002280010100                          
077000029002274810010100                          
084000029003691920010100                          
092000029003692360010100                          
096000029000009130010100                          
028000047004456230000000                          
046000047003701120000000                          
                          